xof 0303txt 0032

template XSkinMeshHeader {
  <3cf169ce-ff7c-44ab-93c0-f78f62d172e2>
  WORD nMaxSkinWeightsPerVertex;
  WORD nMaxSkinWeightsPerFace;
  WORD nBones;
}

template SkinWeights {
  <6f0d123b-bad2-4167-a0d0-80224f25fabb>
  STRING transformNodeName;
  DWORD nWeights;
  array DWORD vertexIndices[nWeights];
  array float weights[nWeights];
  Matrix4x4 matrixOffset;
}

Frame Root {
  FrameTransformMatrix {
     1.000000, 0.000000, 0.000000, 0.000000,
     0.000000,-0.000000, 1.000000, 0.000000,
     0.000000, 1.000000, 0.000000, 0.000000,
     0.000000, 0.000000, 0.000000, 1.000000;;
  }
  Frame Armature {
    FrameTransformMatrix {
       1.000000, 0.000000, 0.000000, 0.000000,
       0.000000, 1.000000, 0.000000, 0.000000,
       0.000000, 0.000000, 1.000000, 0.000000,
       0.228345,-0.053110, 4.655508, 1.000000;;
    }
    Frame Armature_Bone {
      FrameTransformMatrix {
         1.000000, 0.000000, 0.000000, 0.000000,
         0.000000,-0.011862, 0.999930, 0.000000,
         0.000000,-0.999930,-0.011862, 0.000000,
         0.000000, 0.115440,-0.374753, 1.000000;;
      }
      Frame Armature_Bone_001 {
        FrameTransformMatrix {
           0.345561,-0.122483,-0.930368, 0.000000,
           0.325938, 0.945385,-0.003399, 0.000000,
           0.879973,-0.302068, 0.366610, 0.000000,
          -0.000000, 1.931226,-0.000000, 1.000000;;
        }
        Frame Armature_Bone_002 {
          FrameTransformMatrix {
            -0.979206, 0.059050, 0.194083, 0.000000,
             0.144856, 0.873306, 0.465138, 0.000000,
            -0.142027, 0.483580,-0.863701, 0.000000,
             0.000000, 0.848479, 0.000000, 1.000000;;
          }
          Frame Armature_Bone_003 {
            FrameTransformMatrix {
               0.992546, 0.118796, 0.027212, 0.000000,
              -0.112299, 0.978234,-0.174492, 0.000000,
              -0.047348, 0.170135, 0.984282, 0.000000,
              -0.000000, 0.794016,-0.000000, 1.000000;;
            }
            Frame Armature_Bone_004 {
              FrameTransformMatrix {
                 0.973893,-0.177043,-0.142087, 0.000000,
                -0.105463, 0.201397,-0.973815, 0.000000,
                 0.201023, 0.963377, 0.177468, 0.000000,
                 0.000000, 1.056971, 0.000000, 1.000000;;
              }
              Frame Armature_Bone_006 {
                FrameTransformMatrix {
                   0.987956, 0.097729, 0.119970, 0.000000,
                  -0.148051, 0.822460, 0.549217, 0.000000,
                  -0.044996,-0.560364, 0.827023, 0.000000,
                  -0.000000, 0.386411, 0.000000, 1.000000;;
                }
                Frame Armature_Bone_007 {
                  FrameTransformMatrix {
                     1.000000,-0.000000,-0.000000, 0.000000,
                     0.000000, 0.974351, 0.225035, 0.000000,
                     0.000000,-0.225035, 0.974351, 0.000000,
                    -0.000000, 0.339065, 0.000000, 1.000000;;
                  }
                  Frame Armature_Bone_008 {
                    FrameTransformMatrix {
                       1.000000, 0.000000, 0.000000, 0.000000,
                      -0.000000, 1.000000,-0.000000, 0.000000,
                       0.000000, 0.000000, 1.000000, 0.000000,
                      -0.000000, 0.340436, 0.000000, 1.000000;;
                    }
                  } // End of Armature_Bone_008
                } // End of Armature_Bone_007
              } // End of Armature_Bone_006
            } // End of Armature_Bone_004
            Frame Armature_Bone_005 {
              FrameTransformMatrix {
                 0.457344, 0.819292,-0.345827, 0.000000,
                -0.235537,-0.263395,-0.935492, 0.000000,
                -0.857531, 0.509297, 0.072511, 0.000000,
                 0.000000, 1.056971, 0.000000, 1.000000;;
              }
              Frame Armature_Bone_009 {
                FrameTransformMatrix {
                   0.487964,-0.019000,-0.872657, 0.000000,
                   0.843615, 0.266906, 0.465914, 0.000000,
                   0.224065,-0.963535, 0.146269, 0.000000,
                   0.000000, 0.877656,-0.000000, 1.000000;;
                }
                Frame Armature_Bone_010 {
                  FrameTransformMatrix {
                     1.000000,-0.000000, 0.000000, 0.000000,
                     0.000000, 1.000000,-0.000000, 0.000000,
                    -0.000000,-0.000000, 1.000000, 0.000000,
                    -0.000000, 0.371654,-0.000000, 1.000000;;
                  }
                  Frame Armature_Bone_011 {
                    FrameTransformMatrix {
                       1.000000,-0.000000,-0.000000, 0.000000,
                      -0.000000, 1.000000,-0.000000, 0.000000,
                       0.000000,-0.000000, 1.000000, 0.000000,
                      -0.000000, 0.293598, 0.000000, 1.000000;;
                    }
                  } // End of Armature_Bone_011
                } // End of Armature_Bone_010
              } // End of Armature_Bone_009
            } // End of Armature_Bone_005
            Frame Armature_Bone_062 {
              FrameTransformMatrix {
                -0.975992, 0.039866, 0.214127, 0.000000,
                 0.076335,-0.858144, 0.507703, 0.000000,
                 0.203992, 0.511860, 0.834498, 0.000000,
                 0.000000, 1.056971, 0.000000, 1.000000;;
              }
            } // End of Armature_Bone_062
          } // End of Armature_Bone_003
        } // End of Armature_Bone_002
      } // End of Armature_Bone_001
      Frame Armature_Bone_012 {
        FrameTransformMatrix {
           1.000000,-0.000000, 0.000000, 0.000000,
           0.000000,-0.365885,-0.930660, 0.000000,
           0.000000, 0.930660,-0.365885, 0.000000,
          -0.000000, 1.931226,-0.000000, 1.000000;;
        }
        Frame Armature_Bone_013 {
          FrameTransformMatrix {
             1.000000,-0.000000, 0.000000, 0.000000,
            -0.000000, 0.934935, 0.354820, 0.000000,
            -0.000000,-0.354820, 0.934935, 0.000000,
            -0.000000, 1.012415, 0.000000, 1.000000;;
          }
        } // End of Armature_Bone_013
      } // End of Armature_Bone_012
      Frame Armature_Bone_014 {
        FrameTransformMatrix {
           0.000000,-0.011862,-0.999929, 0.000000,
          -0.973720,-0.227733, 0.002701, 0.000000,
          -0.227749, 0.973651,-0.011550, 0.000000,
          -0.000000, 1.931226,-0.000000, 1.000000;;
        }
      } // End of Armature_Bone_014
      Frame Armature_Bone_015 {
        FrameTransformMatrix {
           0.000000, 0.011862, 0.999930, 0.000000,
           1.000000, 0.000000, 0.000000, 0.000000,
           0.000000, 0.999930,-0.011862, 0.000000,
           0.000000,-0.064517,-2.211804, 1.000000;;
        }
        Frame Armature_Bone_016 {
          FrameTransformMatrix {
             1.000000,-0.000000, 0.000000, 0.000000,
             0.000000, 0.967811, 0.251677, 0.000000,
            -0.000000,-0.251677, 0.967811, 0.000000,
             0.000000, 0.753649, 0.000000, 1.000000;;
          }
          Frame Armature_Bone_017 {
            FrameTransformMatrix {
               1.000000,-0.000000,-0.000000, 0.000000,
              -0.000000, 0.967811,-0.251677, 0.000000,
               0.000000, 0.251677, 0.967811, 0.000000,
               0.000000, 0.675974, 0.000000, 1.000000;;
            }
            Frame Armature_Bone_018 {
              FrameTransformMatrix {
                 1.000000,-0.000000, 0.000000, 0.000000,
                 0.000000, 1.000000,-0.000000, 0.000000,
                -0.000000, 0.000000, 1.000000, 0.000000,
                -0.000000, 0.399359,-0.000000, 1.000000;;
              }
              Frame Armature_Bone_019 {
                FrameTransformMatrix {
                   1.000000,-0.000000,-0.000000, 0.000000,
                   0.000000, 1.000000,-0.000000, 0.000000,
                   0.000000, 0.000000, 1.000000, 0.000000,
                  -0.000000, 0.459569,-0.000000, 1.000000;;
                }
                Frame Armature_Bone_020 {
                  FrameTransformMatrix {
                     0.000000, 1.000000,-0.000000, 0.000000,
                    -0.066531, 0.000000,-0.997784, 0.000000,
                    -0.997784, 0.000000, 0.066531, 0.000000,
                    -0.000000, 0.396214,-0.000000, 1.000000;;
                  }
                } // End of Armature_Bone_020
              } // End of Armature_Bone_019
            } // End of Armature_Bone_018
            Frame Armature_Bone_021 {
              FrameTransformMatrix {
                -1.000000, 0.000000,-0.000000, 0.000000,
                -0.000000,-1.000000, 0.000000, 0.000000,
                -0.000000, 0.000000, 1.000000, 0.000000,
                -0.000000, 0.399359,-0.000000, 1.000000;;
              }
              Frame Armature_Bone_022 {
                FrameTransformMatrix {
                  -0.867195, 0.497968, 0.000000, 0.000000,
                  -0.497968,-0.867196,-0.000000, 0.000000,
                   0.000000,-0.000000, 1.000000, 0.000000,
                   0.000000, 0.008545,-0.000000, 1.000000;;
                }
                Frame Armature_Bone_026 {
                  FrameTransformMatrix {
                     0.867196, 0.497968,-0.000000, 0.000000,
                    -0.497968, 0.867196, 0.000000, 0.000000,
                     0.000000, 0.000000, 1.000000, 0.000000,
                     0.000000, 0.564144,-0.000000, 1.000000;;
                  }
                  Frame Armature_Bone_027 {
                    FrameTransformMatrix {
                      -0.000000, 1.000000,-0.000000, 0.000000,
                      -0.000000,-0.000000,-1.000000, 0.000000,
                      -1.000000,-0.000000, 0.000000, 0.000000,
                       0.000000, 0.361469,-0.000000, 1.000000;;
                    }
                  } // End of Armature_Bone_027
                } // End of Armature_Bone_026
              } // End of Armature_Bone_022
            } // End of Armature_Bone_021
            Frame Armature_Bone_023 {
              FrameTransformMatrix {
                 0.812777, 0.582574,-0.000000, 0.000000,
                -0.582574, 0.812777, 0.000000, 0.000000,
                 0.000000, 0.000000, 1.000000, 0.000000,
                -0.000000, 0.399359,-0.000000, 1.000000;;
              }
              Frame Armature_Bone_024 {
                FrameTransformMatrix {
                   0.812777,-0.582575, 0.000000, 0.000000,
                   0.582575, 0.812777,-0.000000, 0.000000,
                  -0.000000, 0.000000, 1.000000, 0.000000,
                   0.000000, 0.561355,-0.000000, 1.000000;;
                }
                Frame Armature_Bone_025 {
                  FrameTransformMatrix {
                    -0.000000, 0.976959, 0.213425, 0.000000,
                     0.075395, 0.212818,-0.974179, 0.000000,
                    -0.997154, 0.016091,-0.073658, 0.000000,
                     0.000000, 0.346196,-0.000000, 1.000000;;
                  }
                } // End of Armature_Bone_025
              } // End of Armature_Bone_024
            } // End of Armature_Bone_023
          } // End of Armature_Bone_017
        } // End of Armature_Bone_016
      } // End of Armature_Bone_015
      Frame Armature_Bone_035 {
        FrameTransformMatrix {
           0.000000, 0.011862, 0.999930, 0.000000,
           1.000000, 0.000000, 0.000000, 0.000000,
           0.000000, 0.999930,-0.011862, 0.000000,
          -0.000000,-0.010158, 2.370536, 1.000000;;
        }
        Frame Armature_Bone_036 {
          FrameTransformMatrix {
             1.000000, 0.000000,-0.000000, 0.000000,
             0.000000, 0.967811, 0.251677, 0.000000,
             0.000000,-0.251677, 0.967811, 0.000000,
             0.000000, 0.753649,-0.000000, 1.000000;;
          }
          Frame Armature_Bone_037 {
            FrameTransformMatrix {
               1.000000,-0.000000,-0.000000, 0.000000,
               0.000000, 0.967811,-0.251677, 0.000000,
               0.000000, 0.251677, 0.967811, 0.000000,
              -0.000000, 0.675974,-0.000000, 1.000000;;
            }
            Frame Armature_Bone_038 {
              FrameTransformMatrix {
                 1.000000,-0.000000, 0.000000, 0.000000,
                 0.000000, 1.000000,-0.000000, 0.000000,
                -0.000000, 0.000000, 1.000000, 0.000000,
                -0.000000, 0.399359,-0.000000, 1.000000;;
              }
              Frame Armature_Bone_039 {
                FrameTransformMatrix {
                   1.000000,-0.000000,-0.000000, 0.000000,
                   0.000000, 1.000000,-0.000000, 0.000000,
                   0.000000, 0.000000, 1.000000, 0.000000,
                  -0.000000, 0.459569,-0.000000, 1.000000;;
                }
                Frame Armature_Bone_040 {
                  FrameTransformMatrix {
                     0.000000, 1.000000,-0.000000, 0.000000,
                    -0.066531, 0.000000,-0.997784, 0.000000,
                    -0.997784, 0.000000, 0.066531, 0.000000,
                    -0.000000, 0.396214, 0.000000, 1.000000;;
                  }
                } // End of Armature_Bone_040
              } // End of Armature_Bone_039
            } // End of Armature_Bone_038
            Frame Armature_Bone_041 {
              FrameTransformMatrix {
                -1.000000, 0.000000,-0.000000, 0.000000,
                -0.000000,-1.000000, 0.000000, 0.000000,
                -0.000000, 0.000000, 1.000000, 0.000000,
                -0.000000, 0.399359,-0.000000, 1.000000;;
              }
              Frame Armature_Bone_042 {
                FrameTransformMatrix {
                  -0.867195, 0.497968, 0.000000, 0.000000,
                  -0.497968,-0.867196,-0.000000, 0.000000,
                   0.000000,-0.000000, 1.000000, 0.000000,
                   0.000000, 0.008545,-0.000000, 1.000000;;
                }
                Frame Armature_Bone_043 {
                  FrameTransformMatrix {
                     0.867196, 0.497968,-0.000000, 0.000000,
                    -0.497968, 0.867196, 0.000000, 0.000000,
                     0.000000, 0.000000, 1.000000, 0.000000,
                     0.000000, 0.564144,-0.000000, 1.000000;;
                  }
                  Frame Armature_Bone_044 {
                    FrameTransformMatrix {
                      -0.000000, 1.000000,-0.000000, 0.000000,
                      -0.000000,-0.000000,-1.000000, 0.000000,
                      -1.000000,-0.000000, 0.000000, 0.000000,
                       0.000000, 0.361469, 0.000000, 1.000000;;
                    }
                  } // End of Armature_Bone_044
                } // End of Armature_Bone_043
              } // End of Armature_Bone_042
            } // End of Armature_Bone_041
            Frame Armature_Bone_045 {
              FrameTransformMatrix {
                 0.812777, 0.582574,-0.000000, 0.000000,
                -0.582574, 0.812777,-0.000000, 0.000000,
                 0.000000, 0.000000, 1.000000, 0.000000,
                -0.000000, 0.399359,-0.000000, 1.000000;;
              }
              Frame Armature_Bone_046 {
                FrameTransformMatrix {
                   0.812777,-0.582575, 0.000000, 0.000000,
                   0.582575, 0.812777, 0.000000, 0.000000,
                  -0.000000, 0.000000, 1.000000, 0.000000,
                   0.000000, 0.561355,-0.000000, 1.000000;;
                }
                Frame Armature_Bone_047 {
                  FrameTransformMatrix {
                    -0.000000, 0.976959, 0.213425, 0.000000,
                     0.075395, 0.212818,-0.974179, 0.000000,
                    -0.997154, 0.016091,-0.073658, 0.000000,
                    -0.000000, 0.346196,-0.000000, 1.000000;;
                  }
                } // End of Armature_Bone_047
              } // End of Armature_Bone_046
            } // End of Armature_Bone_045
          } // End of Armature_Bone_037
        } // End of Armature_Bone_036
      } // End of Armature_Bone_035
      Frame Armature_Bone_048 {
        FrameTransformMatrix {
           1.000000,-0.000001,-0.000000, 0.000000,
          -0.000000,-0.271583, 0.962415, 0.000000,
          -0.000001,-0.962415,-0.271583, 0.000000,
          -0.000000, 1.931226,-0.000000, 1.000000;;
        }
        Frame Armature_Bone_049 {
          FrameTransformMatrix {
            -1.000000, 0.000000, 0.000001, 0.000000,
            -0.000000, 0.959126,-0.282979, 0.000000,
            -0.000001,-0.282979,-0.959126, 0.000000,
             0.000000, 1.124080, 0.000000, 1.000000;;
          }
        } // End of Armature_Bone_049
      } // End of Armature_Bone_048
      Frame Armature_Bone_050 {
        FrameTransformMatrix {
           0.000000, 0.011861, 0.999928, 0.000000,
           0.553934,-0.832502, 0.009876, 0.000000,
           0.832561, 0.553895,-0.006571, 0.000000,
          -0.000000, 1.931226,-0.000000, 1.000000;;
        }
      } // End of Armature_Bone_050
      Frame Armature_Bone_051 {
        FrameTransformMatrix {
           0.000000,-0.011862,-0.999930, 0.000000,
          -0.609880,-0.792438, 0.009400, 0.000000,
          -0.792494, 0.609837,-0.007234, 0.000000,
          -0.000000, 1.931226,-0.000000, 1.000000;;
        }
      } // End of Armature_Bone_051
      Frame Armature_Bone_052 {
        FrameTransformMatrix {
           0.000001,-0.011862,-0.999929, 0.000000,
          -0.781710,-0.623598, 0.007398, 0.000000,
          -0.623642, 0.781655,-0.009273, 0.000000,
          -0.000000, 1.931226,-0.000000, 1.000000;;
        }
      } // End of Armature_Bone_052
      Frame Armature_Bone_058 {
        FrameTransformMatrix {
          -0.000000,-0.011862,-0.999930, 0.000000,
          -0.440355,-0.897761, 0.010650, 0.000000,
          -0.897824, 0.440324,-0.005223, 0.000000,
          -0.000000, 1.931226,-0.000000, 1.000000;;
        }
      } // End of Armature_Bone_058
      Frame Armature_Bone_060 {
        FrameTransformMatrix {
           1.000000,-0.000122, 0.000034, 0.000000,
          -0.000123,-0.866113, 0.499849, 0.000000,
          -0.000032,-0.499849,-0.866114, 0.000000,
          -0.000000, 1.931226,-0.000000, 1.000000;;
        }
      } // End of Armature_Bone_060
      Frame Armature_Bone_061 {
        FrameTransformMatrix {
           1.000000, 0.000116, 0.000027, 0.000000,
           0.000115,-0.892979,-0.450099, 0.000000,
          -0.000028, 0.450099,-0.892981, 0.000000,
          -0.000000, 1.931226,-0.000000, 1.000000;;
        }
      } // End of Armature_Bone_061
    } // End of Armature_Bone
    Frame Armature_Bone_028 {
      FrameTransformMatrix {
         1.000000, 0.000000, 0.000000, 0.000000,
         0.000000, 0.000000,-1.000000, 0.000000,
         0.000000, 1.000000, 0.000000, 0.000000,
         0.000000, 0.115440,-0.374753, 1.000000;;
      }
      Frame Armature_Bone_029 {
        FrameTransformMatrix {
          -1.000000,-0.000000, 0.000000, 0.000000,
           0.000000, 0.000000,-1.000000, 0.000000,
           0.000000,-1.000000, 0.000000, 0.000000,
           0.000000, 0.590004, 0.000000, 1.000000;;
        }
        Frame Armature_Bone_053 {
          FrameTransformMatrix {
            -0.864874, 0.000000, 0.501989, 0.000000,
            -0.501989, 0.000000,-0.864874, 0.000000,
            -0.000000,-1.000000,-0.000000, 0.000000,
             0.000000, 0.938301,-0.000000, 1.000000;;
          }
        } // End of Armature_Bone_053
      } // End of Armature_Bone_029
      Frame Armature_Bone_030 {
        FrameTransformMatrix {
           1.000000, 0.000000, 0.000000, 0.000000,
           0.000000, 0.000000, 1.000000, 0.000000,
           0.000000,-1.000000, 0.000000, 0.000000,
           0.000000, 0.590004, 0.000000, 1.000000;;
        }
        Frame Armature_Bone_054 {
          FrameTransformMatrix {
             0.952678, 0.084427,-0.292022, 0.000000,
            -0.303933, 0.247509,-0.919980, 0.000000,
            -0.005393, 0.965200, 0.261457, 0.000000,
             0.000000, 0.734147,-0.000000, 1.000000;;
          }
        } // End of Armature_Bone_054
      } // End of Armature_Bone_030
      Frame Armature_Bone_031 {
        FrameTransformMatrix {
           1.000000, 0.000000,-0.000000, 0.000000,
          -0.000000, 0.906258, 0.422725, 0.000000,
           0.000000,-0.422725, 0.906258, 0.000000,
           0.000000, 0.590004, 0.000000, 1.000000;;
        }
      } // End of Armature_Bone_031
      Frame Armature_Bone_032 {
        FrameTransformMatrix {
           1.000000,-0.000000,-0.000000, 0.000000,
           0.000000, 0.889300,-0.457325, 0.000000,
           0.000000, 0.457325, 0.889300, 0.000000,
           0.000000, 0.590004, 0.000000, 1.000000;;
        }
      } // End of Armature_Bone_032
      Frame Armature_Bone_033 {
        FrameTransformMatrix {
           1.000000,-0.000000,-0.000000, 0.000000,
           0.000000, 0.949726,-0.313082, 0.000000,
           0.000000, 0.313082, 0.949726, 0.000000,
           0.000000, 0.590004, 0.000000, 1.000000;;
        }
      } // End of Armature_Bone_033
      Frame Armature_Bone_034 {
        FrameTransformMatrix {
           1.000000, 0.000000, 0.000000, 0.000000,
           0.000000, 1.000000, 0.000000, 0.000000,
           0.000000, 0.000000, 1.000000, 0.000000,
           0.000000, 0.590004, 0.000000, 1.000000;;
        }
        Frame Armature_Bone_055 {
          FrameTransformMatrix {
             1.000000, 0.000000, 0.000000, 0.000000,
             0.000000, 1.000000, 0.000000, 0.000000,
             0.000000, 0.000000, 1.000000, 0.000000,
             0.000000, 2.107920, 0.000000, 1.000000;;
          }
          Frame Armature_Bone_057 {
            FrameTransformMatrix {
               0.980747,-0.180741,-0.073942, 0.000000,
               0.195281, 0.907723, 0.371353, 0.000000,
               0.000000,-0.378643, 0.925543, 0.000000,
               0.000000, 1.017465, 0.000000, 1.000000;;
            }
          } // End of Armature_Bone_057
        } // End of Armature_Bone_055
        Frame Armature_Bone_056 {
          FrameTransformMatrix {
             0.991773, 0.101312, 0.078249, 0.000000,
            -0.128012, 0.784916, 0.606235, 0.000000,
             0.000000,-0.611264, 0.791427, 0.000000,
             0.000000, 2.107920, 0.000000, 1.000000;;
          }
          Frame Armature_Bone_059 {
            FrameTransformMatrix {
               0.969799,-0.222429, 0.100080, 0.000000,
               0.225820, 0.663757,-0.713044, 0.000000,
               0.092173, 0.714109, 0.693940, 0.000000,
               0.000000, 0.735289, 0.000000, 1.000000;;
            }
          } // End of Armature_Bone_059
        } // End of Armature_Bone_056
      } // End of Armature_Bone_034
    } // End of Armature_Bone_028
    Frame Cube_010 {
      FrameTransformMatrix {
         0.050000, 0.000000, 0.000000, 0.000000,
         0.000000, 0.300000, 0.000000, 0.000000,
         0.000000, 0.000000, 0.300000, 0.000000,
         0.593912, 0.053110, 0.609902, 1.000000;;
      }
      Mesh { // Cube_010 mesh
        1608;
        -31.828369;-0.500000;-2.092124;,
        -31.828369; 0.500000;-2.092124;,
        -31.828369; 0.500000;-3.092124;,
        -31.828369;-0.500000;-3.092124;,
        -31.828369; 0.500000;-2.092124;,
        -25.828369; 0.500000;-2.092124;,
        -25.828369; 0.500000;-3.092124;,
        -31.828369; 0.500000;-3.092124;,
        -25.828369; 0.500000;-2.092124;,
        -25.828369;-0.500000;-2.092124;,
        -25.828369;-0.500000;-3.092124;,
        -25.828369; 0.500000;-3.092124;,
        -25.828369;-0.500000;-2.092124;,
        -31.828369;-0.500000;-2.092124;,
        -31.828369;-0.500000;-3.092124;,
        -25.828369;-0.500000;-3.092124;,
        -31.828369;-0.500000;-3.092124;,
        -31.828369; 0.500000;-3.092124;,
        -25.828369; 0.500000;-3.092124;,
        -25.828369;-0.500000;-3.092124;,
        -25.828369;-0.500000;-2.092124;,
        -25.828369; 0.500000;-2.092124;,
        -31.828369; 0.500000;-2.092124;,
        -31.828369;-0.500000;-2.092124;,
        -32.986046;-0.566667;-0.235283;,
        -32.986046; 0.566667;-0.235283;,
        -32.986046; 0.566667;-1.368617;,
        -32.986046;-0.566667;-1.368617;,
        -32.986046; 0.566667;-0.235283;,
        -26.186045; 0.566667;-0.235284;,
        -26.186045; 0.566667;-1.368617;,
        -32.986046; 0.566667;-1.368617;,
        -26.186045; 0.566667;-0.235284;,
        -26.186045;-0.566667;-0.235284;,
        -26.186045;-0.566667;-1.368617;,
        -26.186045; 0.566667;-1.368617;,
        -26.186045;-0.566667;-0.235284;,
        -32.986046;-0.566667;-0.235283;,
        -32.986046;-0.566667;-1.368617;,
        -26.186045;-0.566667;-1.368617;,
        -32.986046;-0.566667;-1.368617;,
        -32.986046; 0.566667;-1.368617;,
        -26.186045; 0.566667;-1.368617;,
        -26.186045;-0.566667;-1.368617;,
        -26.186045;-0.566667;-0.235284;,
        -26.186045; 0.566667;-0.235284;,
        -32.986046; 0.566667;-0.235283;,
        -32.986046;-0.566667;-0.235283;,
        -34.077103;-0.633333; 1.446137;,
        -34.077103; 0.633333; 1.446137;,
        -34.077103; 0.633333; 0.179470;,
        -34.077103;-0.633333; 0.179470;,
        -34.077103; 0.633333; 1.446137;,
        -26.477104; 0.633333; 1.446136;,
        -26.477104; 0.633333; 0.179470;,
        -34.077103; 0.633333; 0.179470;,
        -26.477104; 0.633333; 1.446136;,
        -26.477104;-0.633333; 1.446136;,
        -26.477104;-0.633333; 0.179470;,
        -26.477104; 0.633333; 0.179470;,
        -26.477104;-0.633333; 1.446136;,
        -34.077103;-0.633333; 1.446137;,
        -34.077103;-0.633333; 0.179470;,
        -26.477104;-0.633333; 0.179470;,
        -34.077103;-0.633333; 0.179470;,
        -34.077103; 0.633333; 0.179470;,
        -26.477104; 0.633333; 0.179470;,
        -26.477104;-0.633333; 0.179470;,
        -26.477104;-0.633333; 1.446136;,
        -26.477104; 0.633333; 1.446136;,
        -34.077103; 0.633333; 1.446137;,
        -34.077103;-0.633333; 1.446137;,
        -34.514729;-0.666667; 3.192290;,
        -34.514729; 0.666667; 3.192290;,
        -34.514729; 0.666667; 1.858957;,
        -34.514729;-0.666667; 1.858957;,
        -34.514729; 0.666667; 3.192290;,
        -26.514730; 0.666667; 3.192290;,
        -26.514730; 0.666667; 1.858956;,
        -34.514729; 0.666667; 1.858957;,
        -26.514730; 0.666667; 3.192290;,
        -26.514730;-0.666667; 3.192290;,
        -26.514730;-0.666667; 1.858956;,
        -26.514730; 0.666667; 1.858956;,
        -26.514730;-0.666667; 3.192290;,
        -34.514729;-0.666667; 3.192290;,
        -34.514729;-0.666667; 1.858957;,
        -26.514730;-0.666667; 1.858956;,
        -34.514729;-0.666667; 1.858957;,
        -34.514729; 0.666667; 1.858957;,
        -26.514730; 0.666667; 1.858956;,
        -26.514730;-0.666667; 1.858956;,
        -26.514730;-0.666667; 3.192290;,
        -26.514730; 0.666667; 3.192290;,
        -34.514729; 0.666667; 3.192290;,
        -34.514729;-0.666667; 3.192290;,
        12.347112;-1.382654; 9.708073;,
         1.902205;-1.382654;10.911269;,
         0.345942;-1.382654;10.535995;,
        10.790849;-1.382654; 9.332799;,
         1.902205;-1.382654;10.911269;,
         1.902205;-0.736541;10.911269;,
         0.345942;-0.736541;10.535995;,
         0.345942;-1.382654;10.535995;,
         1.902205;-0.736541;10.911269;,
        12.347112;-0.736541; 9.708073;,
        10.790849;-0.736541; 9.332799;,
         0.345942;-0.736541;10.535995;,
        12.347112;-0.736541; 9.708073;,
        12.347112;-1.382654; 9.708073;,
        10.790849;-1.382654; 9.332799;,
        10.790849;-0.736541; 9.332799;,
        10.790849;-1.382654; 9.332799;,
         0.345942;-1.382654;10.535995;,
         0.345942;-0.736541;10.535995;,
        10.790849;-0.736541; 9.332799;,
        12.347112;-0.736541; 9.708073;,
         1.902205;-0.736541;10.911269;,
         1.902205;-1.382654;10.911269;,
        12.347112;-1.382654; 9.708073;,
        14.268532;-0.167754; 9.756962;,
         3.853273;-0.167754;10.967277;,
         2.287804;-0.167754;10.593067;,
        12.703062;-0.167754; 9.382752;,
         3.853273;-0.167754;10.967277;,
         3.853273; 0.478358;10.967277;,
         2.287804; 0.478358;10.593067;,
         2.287804;-0.167754;10.593067;,
         3.853273; 0.478358;10.967277;,
        14.268532; 0.478359; 9.756962;,
        12.703062; 0.478359; 9.382752;,
         2.287804; 0.478358;10.593067;,
        14.268532; 0.478359; 9.756962;,
        14.268532;-0.167754; 9.756962;,
        12.703062;-0.167754; 9.382752;,
        12.703062; 0.478359; 9.382752;,
        12.703062;-0.167754; 9.382752;,
         2.287804;-0.167754;10.593067;,
         2.287804; 0.478358;10.593067;,
        12.703062; 0.478359; 9.382752;,
        14.268532; 0.478359; 9.756962;,
         3.853273; 0.478358;10.967277;,
         3.853273;-0.167754;10.967277;,
        14.268532;-0.167754; 9.756962;,
        13.584894; 0.919809; 9.703690;,
         3.275647; 0.919808;10.938958;,
         1.677900; 0.919808;10.568558;,
        11.987147; 0.919809; 9.333289;,
         3.275647; 0.919808;10.938958;,
         3.275647; 1.565921;10.938958;,
         1.677900; 1.565921;10.568558;,
         1.677900; 0.919808;10.568558;,
         3.275647; 1.565921;10.938958;,
        13.584894; 1.565921; 9.703690;,
        11.987147; 1.565921; 9.333289;,
         1.677900; 1.565921;10.568558;,
        13.584894; 1.565921; 9.703690;,
        13.584894; 0.919809; 9.703690;,
        11.987147; 0.919809; 9.333289;,
        11.987147; 1.565921; 9.333289;,
        11.987147; 0.919809; 9.333289;,
         1.677900; 0.919808;10.568558;,
         1.677900; 1.565921;10.568558;,
        11.987147; 1.565921; 9.333289;,
        13.584894; 1.565921; 9.703690;,
         3.275647; 1.565921;10.938958;,
         3.275647; 0.919808;10.938958;,
        13.584894; 0.919809; 9.703690;,
         3.962841;-2.998331; 8.307619;,
        14.171862;-1.740436; 8.280933;,
        14.201036;-1.756684; 7.825061;,
         3.992016;-3.014579; 7.851747;,
        14.171862;-1.740436; 8.280933;,
        16.476398;-2.259499; 8.303531;,
        16.505573;-2.275747; 7.847658;,
        14.201036;-1.756684; 7.825061;,
        16.476398;-2.259499; 8.303531;,
         6.267378;-3.517394; 8.330215;,
         6.296553;-3.533642; 7.874343;,
        16.505573;-2.275747; 7.847658;,
         6.267378;-3.517394; 8.330215;,
         3.962841;-2.998331; 8.307619;,
         3.992016;-3.014579; 7.851747;,
         6.296553;-3.533642; 7.874343;,
         3.992016;-3.014579; 7.851747;,
        14.201036;-1.756684; 7.825061;,
        16.505573;-2.275747; 7.847658;,
         6.296553;-3.533642; 7.874343;,
         6.267378;-3.517394; 8.330215;,
        16.476398;-2.259499; 8.303531;,
        14.171862;-1.740436; 8.280933;,
         3.962841;-2.998331; 8.307619;,
         5.351549;-3.286507; 9.832650;,
        11.770247;-1.658614; 9.005814;,
        10.408551;-1.708845; 8.613286;,
         3.989854;-3.336737; 9.440122;,
        11.770247;-1.658614; 9.005814;,
        14.503074;-2.065256; 8.794509;,
        13.141378;-2.115487; 8.401980;,
        10.408551;-1.708845; 8.613286;,
        14.503074;-2.065256; 8.794509;,
         8.084376;-3.693149; 9.621345;,
         6.722681;-3.743379; 9.228817;,
        13.141378;-2.115487; 8.401980;,
         8.084376;-3.693149; 9.621345;,
         5.351549;-3.286507; 9.832650;,
         3.989854;-3.336737; 9.440122;,
         6.722681;-3.743379; 9.228817;,
         3.989854;-3.336737; 9.440122;,
        10.408551;-1.708845; 8.613286;,
        13.141378;-2.115487; 8.401980;,
         6.722681;-3.743379; 9.228817;,
         8.084376;-3.693149; 9.621345;,
        14.503074;-2.065256; 8.794509;,
        11.770247;-1.658614; 9.005814;,
         5.351549;-3.286507; 9.832650;,
         9.949371; 1.622233; 9.047403;,
         2.886205; 3.232228; 9.754693;,
         2.886205; 3.415711; 9.337031;,
         9.949371; 1.805717; 8.629743;,
         2.886205; 3.232228; 9.754693;,
         6.107681; 3.561298; 9.899257;,
         6.107681; 3.744781; 9.481596;,
         2.886205; 3.415711; 9.337031;,
         6.107681; 3.561298; 9.899257;,
        13.170848; 1.951304; 9.191968;,
        13.170848; 2.134787; 8.774306;,
         6.107681; 3.744781; 9.481596;,
        13.170848; 1.951304; 9.191968;,
         9.949371; 1.622233; 9.047403;,
         9.949371; 1.805717; 8.629743;,
        13.170848; 2.134787; 8.774306;,
         9.949371; 1.805717; 8.629743;,
         2.886205; 3.415711; 9.337031;,
         6.107681; 3.744781; 9.481596;,
        13.170848; 2.134787; 8.774306;,
        13.170848; 1.951304; 9.191968;,
         6.107681; 3.561298; 9.899257;,
         2.886205; 3.232228; 9.754693;,
         9.949371; 1.622233; 9.047403;,
        12.779208; 1.809058; 8.307563;,
         4.835153; 3.459854; 8.307564;,
         4.835153; 3.459854; 7.851377;,
        12.779208; 1.809058; 7.851376;,
         4.835153; 3.459854; 8.307564;,
         7.859311; 3.864105; 8.307564;,
         7.859311; 3.864105; 7.851376;,
         4.835153; 3.459854; 7.851377;,
         7.859311; 3.864105; 8.307564;,
        15.803367; 2.213309; 8.307563;,
        15.803367; 2.213309; 7.851375;,
         7.859311; 3.864105; 7.851376;,
        15.803367; 2.213309; 8.307563;,
        12.779208; 1.809058; 8.307563;,
        12.779208; 1.809058; 7.851376;,
        15.803367; 2.213309; 7.851375;,
        12.779208; 1.809058; 7.851376;,
         4.835153; 3.459854; 7.851377;,
         7.859311; 3.864105; 7.851376;,
        15.803367; 2.213309; 7.851375;,
        15.803367; 2.213309; 8.307563;,
         7.859311; 3.864105; 8.307564;,
         4.835153; 3.459854; 8.307564;,
        12.779208; 1.809058; 8.307563;,
        -14.068007; 1.143832;-14.928649;,
        -14.068007; 1.810499;-14.928649;,
        -14.068007; 1.810499;-15.595316;,
        -14.068007; 1.143832;-15.595316;,
        -14.068007; 1.810499;-14.928649;,
        -10.068007; 1.810499;-14.928650;,
        -10.068007; 1.810499;-15.595317;,
        -14.068007; 1.810499;-15.595316;,
        -10.068007; 1.810499;-14.928650;,
        -10.068007; 1.143832;-14.928650;,
        -10.068007; 1.143832;-15.595317;,
        -10.068007; 1.810499;-15.595317;,
        -10.068007; 1.143832;-14.928650;,
        -14.068007; 1.143832;-14.928649;,
        -14.068007; 1.143832;-15.595316;,
        -10.068007; 1.143832;-15.595317;,
        -14.068007; 1.143832;-15.595316;,
        -14.068007; 1.810499;-15.595316;,
        -10.068007; 1.810499;-15.595317;,
        -10.068007; 1.143832;-15.595317;,
        -10.068007; 1.143832;-14.928650;,
        -10.068007; 1.810499;-14.928650;,
        -14.068007; 1.810499;-14.928649;,
        -14.068007; 1.143832;-14.928649;,
        -12.829676; 0.327122;-16.442535;,
        -12.829676; 0.993789;-16.442535;,
        -12.829676; 0.993789;-17.109203;,
        -12.829676; 0.327122;-17.109203;,
        -12.829676; 0.993789;-16.442535;,
        -8.829676; 0.993789;-16.442535;,
        -8.829676; 0.993789;-17.109203;,
        -12.829676; 0.993789;-17.109203;,
        -8.829676; 0.993789;-16.442535;,
        -8.829676; 0.327122;-16.442535;,
        -8.829676; 0.327122;-17.109203;,
        -8.829676; 0.993789;-17.109203;,
        -8.829676; 0.327122;-16.442535;,
        -12.829676; 0.327122;-16.442535;,
        -12.829676; 0.327122;-17.109203;,
        -8.829676; 0.327122;-17.109203;,
        -12.829676; 0.327122;-17.109203;,
        -12.829676; 0.993789;-17.109203;,
        -8.829676; 0.993789;-17.109203;,
        -8.829676; 0.327122;-17.109203;,
        -8.829676; 0.327122;-16.442535;,
        -8.829676; 0.993789;-16.442535;,
        -12.829676; 0.993789;-16.442535;,
        -12.829676; 0.327122;-16.442535;,
        -18.672703; 3.071865;-7.305125;,
        -18.672703; 3.738531;-7.305125;,
        -18.672703; 3.738531;-7.971791;,
        -18.672703; 3.071865;-7.971791;,
        -18.672703; 3.738531;-7.305125;,
        -14.672703; 3.738531;-7.305125;,
        -14.672703; 3.738531;-7.971792;,
        -18.672703; 3.738531;-7.971791;,
        -14.672703; 3.738531;-7.305125;,
        -14.672703; 3.071865;-7.305125;,
        -14.672703; 3.071865;-7.971792;,
        -14.672703; 3.738531;-7.971792;,
        -14.672703; 3.071865;-7.305125;,
        -18.672703; 3.071865;-7.305125;,
        -18.672703; 3.071865;-7.971791;,
        -14.672703; 3.071865;-7.971792;,
        -18.672703; 3.071865;-7.971791;,
        -18.672703; 3.738531;-7.971791;,
        -14.672703; 3.738531;-7.971792;,
        -14.672703; 3.071865;-7.971792;,
        -14.672703; 3.071865;-7.305125;,
        -14.672703; 3.738531;-7.305125;,
        -18.672703; 3.738531;-7.305125;,
        -18.672703; 3.071865;-7.305125;,
        -8.653664;-3.280831;-6.422451;,
        -8.653664;-2.614164;-6.422451;,
        -8.653664;-2.614164;-7.089118;,
        -8.653664;-3.280831;-7.089118;,
        -8.653664;-2.614164;-6.422451;,
        -4.653664;-2.614164;-6.422452;,
        -4.653664;-2.614164;-7.089118;,
        -8.653664;-2.614164;-7.089118;,
        -4.653664;-2.614164;-6.422452;,
        -4.653664;-3.280831;-6.422452;,
        -4.653664;-3.280831;-7.089118;,
        -4.653664;-2.614164;-7.089118;,
        -4.653664;-3.280831;-6.422452;,
        -8.653664;-3.280831;-6.422451;,
        -8.653664;-3.280831;-7.089118;,
        -4.653664;-3.280831;-7.089118;,
        -8.653664;-3.280831;-7.089118;,
        -8.653664;-2.614164;-7.089118;,
        -4.653664;-2.614164;-7.089118;,
        -4.653664;-3.280831;-7.089118;,
        -4.653664;-3.280831;-6.422452;,
        -4.653664;-2.614164;-6.422452;,
        -8.653664;-2.614164;-6.422451;,
        -8.653664;-3.280831;-6.422451;,
        -12.781349; 0.571427;-6.806168;,
        -12.781349; 1.238093;-6.806168;,
        -12.781349; 1.238093;-7.472835;,
        -12.781349; 0.571427;-7.472835;,
        -12.781349; 1.238093;-6.806168;,
        -8.781349; 1.238093;-6.806169;,
        -8.781349; 1.238093;-7.472835;,
        -12.781349; 1.238093;-7.472835;,
        -8.781349; 1.238093;-6.806169;,
        -8.781349; 0.571427;-6.806169;,
        -8.781349; 0.571427;-7.472835;,
        -8.781349; 1.238093;-7.472835;,
        -8.781349; 0.571427;-6.806169;,
        -12.781349; 0.571427;-6.806168;,
        -12.781349; 0.571427;-7.472835;,
        -8.781349; 0.571427;-7.472835;,
        -12.781349; 0.571427;-7.472835;,
        -12.781349; 1.238093;-7.472835;,
        -8.781349; 1.238093;-7.472835;,
        -8.781349; 0.571427;-7.472835;,
        -8.781349; 0.571427;-6.806169;,
        -8.781349; 1.238093;-6.806169;,
        -12.781349; 1.238093;-6.806168;,
        -12.781349; 0.571427;-6.806168;,
        -14.384027;-0.838563;-14.302000;,
        -14.384027;-0.171896;-14.302000;,
        -14.384027;-0.171896;-14.968667;,
        -14.384027;-0.838563;-14.968667;,
        -14.384027;-0.171896;-14.302000;,
        -10.384027;-0.171896;-14.302001;,
        -10.384027;-0.171896;-14.968668;,
