xof 0303txt 0032

template XSkinMeshHeader {
  <3cf169ce-ff7c-44ab-93c0-f78f62d172e2>
  WORD nMaxSkinWeightsPerVertex;
  WORD nMaxSkinWeightsPerFace;
  WORD nBones;
}

template SkinWeights {
  <6f0d123b-bad2-4167-a0d0-80224f25fabb>
  STRING transformNodeName;
  DWORD nWeights;
  array DWORD vertexIndices[nWeights];
  array float weights[nWeights];
  Matrix4x4 matrixOffset;
}

Frame Root {
  FrameTransformMatrix {
     1.000000, 0.000000, 0.000000, 0.000000,
     0.000000,-0.000000, 1.000000, 0.000000,
     0.000000, 1.000000, 0.000000, 0.000000,
     0.000000, 0.000000, 0.000000, 1.000000;;
  }
  Frame Armature {
    FrameTransformMatrix {
      -1.000000,-0.000000, 0.000000, 0.000000,
       0.000000,-1.000000, 0.000000, 0.000000,
       0.000000, 0.000000, 1.000000, 0.000000,
       0.007163,-0.003261,13.809329, 1.000000;;
    }
    Frame Armature_Bone {
      FrameTransformMatrix {
         1.000000, 0.000000, 0.000000, 0.000000,
         0.000000, 0.000000, 1.000000, 0.000000,
         0.000000,-1.000000, 0.000000, 0.000000,
         0.000000, 0.000000, 0.000000, 1.000000;;
      }
    } // End of Armature_Bone
    Frame Armature_Bone_001 {
      FrameTransformMatrix {
         0.964419, 0.185177,-0.188694, 0.000000,
         0.006395,-0.729858,-0.683569, 0.000000,
        -0.264301, 0.658041,-0.705072, 0.000000,
         0.000000, 0.000000, 0.000000, 1.000000;;
      }
      Frame Armature_Bone_002 {
        FrameTransformMatrix {
          -0.330844, 0.699346,-0.633606, 0.000000,
           0.203567, 0.708499, 0.675714, 0.000000,
           0.921468, 0.094575,-0.376767, 0.000000,
          -0.000000, 0.842971,-0.000000, 1.000000;;
        }
        Frame Armature_Bone_004 {
          FrameTransformMatrix {
            -0.081024,-0.086052, 0.992991, 0.000000,
             0.993456,-0.087432, 0.073485, 0.000000,
             0.080495, 0.992447, 0.092573, 0.000000,
             0.000000, 1.348374, 0.000000, 1.000000;;
          }
        } // End of Armature_Bone_004
        Frame Armature_Bone_005 {
          FrameTransformMatrix {
            -0.899874,-0.380977, 0.212329, 0.000000,
             0.266207,-0.094136, 0.959309, 0.000000,
            -0.345487, 0.919780, 0.186129, 0.000000,
             0.000000, 1.348374, 0.000000, 1.000000;;
          }
        } // End of Armature_Bone_005
        Frame Armature_Bone_008 {
          FrameTransformMatrix {
            -0.715346, 0.440346,-0.542563, 0.000000,
             0.535526,-0.153302,-0.830488, 0.000000,
            -0.448879,-0.884643,-0.126152, 0.000000,
             0.000000, 1.348374, 0.000000, 1.000000;;
          }
        } // End of Armature_Bone_008
        Frame Armature_Bone_009 {
          FrameTransformMatrix {
            -0.233530, 0.014389, 0.972243, 0.000000,
            -0.970724, 0.054343,-0.233970, 0.000000,
            -0.056201,-0.998419, 0.001277, 0.000000,
             0.000000, 1.348374, 0.000000, 1.000000;;
          }
          Frame Armature_Bone_010 {
            FrameTransformMatrix {
              -0.133288, 0.991016, 0.010994, 0.000000,
              -0.028550, 0.007249,-0.999566, 0.000000,
              -0.990666,-0.133544, 0.027328, 0.000000,
              -0.000000, 0.708594,-0.000000, 1.000000;;
            }
            Frame Armature_Bone_011 {
              FrameTransformMatrix {
                -0.972860, 0.216999, 0.080339, 0.000000,
                -0.021431, 0.261208,-0.965045, 0.000000,
                -0.230399,-0.940575,-0.249468, 0.000000,
                -0.000000, 1.019915,-0.000000, 1.000000;;
              }
              Frame Armature_Bone_024 {
                FrameTransformMatrix {
                   0.223753, 0.910237, 0.348429, 0.000000,
                   0.202593, 0.306248,-0.930144, 0.000000,
                  -0.953358, 0.278712,-0.115884, 0.000000,
                   0.000000, 1.597748,-0.000000, 1.000000;;
                }
                Frame Armature_Bone_027 {
                  FrameTransformMatrix {
                     0.994925, 0.026570, 0.097045, 0.000000,
                    -0.032897, 0.997395, 0.064186, 0.000000,
                    -0.095087,-0.067053, 0.993208, 0.000000,
                     0.000000, 3.239338, 0.000000, 1.000000;;
                  }
                  Frame Armature_Bone_028 {
                    FrameTransformMatrix {
                       0.415507, 0.172489, 0.893085, 0.000000,
                      -0.416564, 0.908923, 0.018258, 0.000000,
                      -0.808597,-0.379613, 0.449517, 0.000000,
                       0.000000, 2.937768,-0.000000, 1.000000;;
                    }
                    Frame Armature_Bone_050 {
                      FrameTransformMatrix {
                         0.995705, 0.092568,-0.001877, 0.000000,
                        -0.092282, 0.993860, 0.061048, 0.000000,
                         0.007517,-0.060613, 0.998133, 0.000000,
                        -0.000000, 0.624697,-0.000000, 1.000000;;
                      }
                      Frame Armature_Bone_032 {
                        FrameTransformMatrix {
                           0.814818,-0.404377,-0.415392, 0.000000,
                           0.216142, 0.876789,-0.429561, 0.000000,
                           0.537916, 0.260231, 0.801827, 0.000000,
                           0.000000, 0.560812,-0.000000, 1.000000;;
                        }
                      } // End of Armature_Bone_032
                    } // End of Armature_Bone_050
                  } // End of Armature_Bone_028
                  Frame Armature_Bone_029 {
                    FrameTransformMatrix {
                      -0.475455,-0.083902,-0.875730, 0.000000,
                      -0.244334, 0.968873, 0.039829, 0.000000,
                       0.845129, 0.232908,-0.481155, 0.000000,
                       0.000000, 2.937768,-0.000000, 1.000000;;
                    }
                    Frame Armature_Bone_035 {
                      FrameTransformMatrix {
                        -0.869985,-0.162650, 0.465479, 0.000000,
                        -0.055204, 0.970223, 0.235842, 0.000000,
                        -0.489978, 0.179483,-0.853058, 0.000000,
                         0.000000, 0.841488, 0.000000, 1.000000;;
                      }
                      Frame Armature_Bone_038 {
                        FrameTransformMatrix {
                           0.885451,-0.013898,-0.464524, 0.000000,
                           0.021083, 0.999725, 0.010278, 0.000000,
                           0.464254,-0.018894, 0.885501, 0.000000,
                           0.000000, 0.573539,-0.000000, 1.000000;;
                        }
                      } // End of Armature_Bone_038
                    } // End of Armature_Bone_035
                  } // End of Armature_Bone_029
                  Frame Armature_Bone_030 {
                    FrameTransformMatrix {
                       0.998389, 0.032454,-0.046539, 0.000000,
                      -0.030255, 0.998427, 0.047206, 0.000000,
                       0.047998,-0.045722, 0.997800, 0.000000,
                       0.000000, 2.937768,-0.000000, 1.000000;;
                    }
                    Frame Armature_Bone_034 {
                      FrameTransformMatrix {
                         0.955501,-0.010484, 0.294803, 0.000000,
                         0.021940, 0.999126,-0.035579, 0.000000,
                        -0.294172, 0.040464, 0.954896, 0.000000,
                         0.000000, 0.813800, 0.000000, 1.000000;;
                      }
                      Frame Armature_Bone_036 {
                        FrameTransformMatrix {
                           0.969045,-0.009578,-0.246699, 0.000000,
                          -0.003541, 0.998605,-0.052677, 0.000000,
                           0.246860, 0.051920, 0.967659, 0.000000,
                           0.000000, 0.583249,-0.000000, 1.000000;;
                        }
                      } // End of Armature_Bone_036
                    } // End of Armature_Bone_034
                  } // End of Armature_Bone_030
                  Frame Armature_Bone_031 {
                    FrameTransformMatrix {
                       0.839004,-0.207883, 0.502849, 0.000000,
                       0.200745, 0.977207, 0.069046, 0.000000,
                      -0.505741, 0.043015, 0.861612, 0.000000,
                       0.000000, 2.937768,-0.000000, 1.000000;;
                    }
                    Frame Armature_Bone_033 {
                      FrameTransformMatrix {
                         0.879573, 0.236689,-0.412711, 0.000000,
                        -0.263188, 0.964714,-0.007646, 0.000000,
                         0.396338, 0.115346, 0.910830, 0.000000,
                        -0.000000, 0.842479,-0.000000, 1.000000;;
                      }
                      Frame Armature_Bone_037 {
                        FrameTransformMatrix {
                           0.994624,-0.024716,-0.100560, 0.000000,
                           0.030433, 0.997982, 0.055721, 0.000000,
                           0.098980,-0.058481, 0.993369, 0.000000,
                           0.000000, 0.589178,-0.000000, 1.000000;;
                        }
                      } // End of Armature_Bone_037
                    } // End of Armature_Bone_033
                  } // End of Armature_Bone_031
                } // End of Armature_Bone_027
              } // End of Armature_Bone_024
            } // End of Armature_Bone_011
            Frame Armature_Bone_012 {
              FrameTransformMatrix {
                 0.947923,-0.028193,-0.317250, 0.000000,
                 0.312466, 0.275297, 0.909163, 0.000000,
                 0.061706,-0.960946, 0.269770, 0.000000,
                -0.000000, 1.019915,-0.000000, 1.000000;;
              }
              Frame Armature_Bone_025 {
                FrameTransformMatrix {
                   0.051782,-0.968135,-0.245016, 0.000000,
                   0.023137, 0.246443,-0.968881, 0.000000,
                   0.998390, 0.044502, 0.035161, 0.000000,
                   0.000000, 1.663735, 0.000000, 1.000000;;
                }
                Frame Armature_Bone_026 {
                  FrameTransformMatrix {
                     0.987668, 0.022735,-0.154902, 0.000000,
                    -0.015585, 0.998763, 0.047214, 0.000000,
                     0.155783,-0.044217, 0.986801, 0.000000,
                     0.000000, 3.129761, 0.000000, 1.000000;;
                  }
                  Frame Armature_Bone_039 {
                    FrameTransformMatrix {
                       0.521486,-0.312661, 0.793911, 0.000000,
                       0.357791, 0.924821, 0.129200, 0.000000,
                      -0.774621, 0.216678, 0.594148, 0.000000,
                      -0.000000, 3.026192,-0.000000, 1.000000;;
                    }
                    Frame Armature_Bone_051 {
                      FrameTransformMatrix {
                         0.997581,-0.069373, 0.004336, 0.000000,
                         0.069243, 0.986380,-0.149199, 0.000000,
                         0.006074, 0.149138, 0.988798, 0.000000,
                        -0.000000, 0.698943,-0.000000, 1.000000;;
                      }
                      Frame Armature_Bone_040 {
                        FrameTransformMatrix {
                           0.373688, 0.459398,-0.805798, 0.000000,
                          -0.403514, 0.862737, 0.304730, 0.000000,
                           0.835185, 0.211277, 0.507768, 0.000000,
                          -0.000000, 0.515157, 0.000000, 1.000000;;
                        }
                      } // End of Armature_Bone_040
                    } // End of Armature_Bone_051
                  } // End of Armature_Bone_039
                  Frame Armature_Bone_041 {
                    FrameTransformMatrix {
                       0.778767,-0.166517, 0.604809, 0.000000,
                       0.188542, 0.981680, 0.027506, 0.000000,
                      -0.598309, 0.092611, 0.795896, 0.000000,
                      -0.000000, 3.026192,-0.000000, 1.000000;;
                    }
                    Frame Armature_Bone_046 {
                      FrameTransformMatrix {
                         0.951564, 0.178462,-0.250354, 0.000000,
                        -0.169289, 0.983865, 0.057891, 0.000000,
                         0.256645,-0.012705, 0.966422, 0.000000,
                         0.000000, 0.850553, 0.000000, 1.000000;;
                      }
                      Frame Armature_Bone_049 {
                        FrameTransformMatrix {
                           0.999645, 0.026663, 0.000005, 0.000000,
                          -0.026651, 0.999218, 0.029216, 0.000000,
                           0.000774,-0.029205, 0.999573, 0.000000,
                           0.000000, 0.661054, 0.000000, 1.000000;;
                        }
                      } // End of Armature_Bone_049
                    } // End of Armature_Bone_046
                  } // End of Armature_Bone_041
                  Frame Armature_Bone_042 {
                    FrameTransformMatrix {
                       0.996736, 0.044181, 0.067576, 0.000000,
                      -0.042225, 0.998654,-0.030112, 0.000000,
                      -0.068815, 0.027161, 0.997260, 0.000000,
                      -0.000000, 3.026192,-0.000000, 1.000000;;
                    }
                    Frame Armature_Bone_045 {
                      FrameTransformMatrix {
                         0.669909,-0.022787,-0.742094, 0.000000,
                         0.038950, 0.999231, 0.004478, 0.000000,
                         0.741421,-0.031905, 0.670281, 0.000000,
                        -0.000000, 0.797671, 0.000000, 1.000000;;
                      }
                      Frame Armature_Bone_047 {
                        FrameTransformMatrix {
                           0.999998,-0.002178,-0.000026, 0.000000,
                           0.002178, 0.999996,-0.001904, 0.000000,
                           0.000030, 0.001904, 0.999998, 0.000000,
                           0.000000, 0.706567,-0.000000, 1.000000;;
                        }
                      } // End of Armature_Bone_047
                    } // End of Armature_Bone_045
                  } // End of Armature_Bone_042
                  Frame Armature_Bone_043 {
                    FrameTransformMatrix {
                       0.596462, 0.099992,-0.796389, 0.000000,
                      -0.284013, 0.954310,-0.092894, 0.000000,
                       0.750713, 0.281593, 0.597609, 0.000000,
                      -0.000000, 3.026192,-0.000000, 1.000000;;
                    }
                    Frame Armature_Bone_044 {
                      FrameTransformMatrix {
                         0.430887,-0.289345, 0.854761, 0.000000,
                         0.115438, 0.957094, 0.265793, 0.000000,
                        -0.894992,-0.015855, 0.445800, 0.000000,
                         0.000000, 0.828646, 0.000000, 1.000000;;
                      }
                      Frame Armature_Bone_048 {
                        FrameTransformMatrix {
                           1.000000, 0.000340,-0.000004, 0.000000,
                          -0.000340, 1.000000, 0.000810, 0.000000,
                           0.000005,-0.000810, 1.000000, 0.000000,
                           0.000000, 0.704751,-0.000000, 1.000000;;
                        }
                      } // End of Armature_Bone_048
                    } // End of Armature_Bone_044
                  } // End of Armature_Bone_043
                } // End of Armature_Bone_026
              } // End of Armature_Bone_025
            } // End of Armature_Bone_012
            Frame Armature_Bone_013 {
              FrameTransformMatrix {
                -0.186072,-0.043313,-0.981581, 0.000000,
                 0.423295, 0.898027,-0.119868, 0.000000,
                 0.886678,-0.437803,-0.148763, 0.000000,
                -0.000000, 1.019915,-0.000000, 1.000000;;
              }
              Frame Armature_Bone_014 {
                FrameTransformMatrix {
                   0.999097, 0.015481, 0.039562, 0.000000,
                  -0.000767, 0.937666,-0.347537, 0.000000,
                  -0.042476, 0.347192, 0.936831, 0.000000,
                   0.000000, 0.736383, 0.000000, 1.000000;;
                }
                Frame Armature_Bone_015 {
                  FrameTransformMatrix {
                     0.996013,-0.001950, 0.089184, 0.000000,
                     0.003107, 0.999913,-0.012826, 0.000000,
                    -0.089151, 0.013052, 0.995933, 0.000000,
                     0.000000, 1.456455, 0.000000, 1.000000;;
                  }
                  Frame Armature_Bone_016 {
                    FrameTransformMatrix {
                      -0.394751, 0.111693,-0.911974, 0.000000,
                       0.634956, 0.750581,-0.182917, 0.000000,
                       0.664080,-0.651270,-0.367213, 0.000000,
                       0.000000, 1.845313, 0.000000, 1.000000;;
                    }
                    Frame Armature_Bone_018 {
                      FrameTransformMatrix {
                        -0.469020, 0.646955, 0.601223, 0.000000,
                         0.115403, 0.719799,-0.684523, 0.000000,
                        -0.875615,-0.251672,-0.412261, 0.000000,
                        -0.000000, 0.842872,-0.000000, 1.000000;;
                      }
                      Frame Armature_Bone_020 {
                        FrameTransformMatrix {
                           0.988982,-0.021716,-0.146432, 0.000000,
                           0.018849, 0.999603,-0.020939, 0.000000,
                           0.146829, 0.017948, 0.988999, 0.000000,
                           0.000000, 3.200347,-0.000000, 1.000000;;
                        }
                        Frame Armature_Bone_022 {
                          FrameTransformMatrix {
                            -0.857138, 0.489412, 0.160593, 0.000000,
                            -0.133003, 0.090913,-0.986937, 0.000000,
                            -0.497619,-0.867301,-0.012832, 0.000000,
                            -0.000000, 2.797038, 0.000000, 1.000000;;
                          }
                        } // End of Armature_Bone_022
                        Frame Armature_Bone_052 {
                          FrameTransformMatrix {
                            -0.969655,-0.111767,-0.217433, 0.000000,
                             0.189312, 0.219490,-0.957071, 0.000000,
                             0.154693,-0.969192,-0.191671, 0.000000,
                            -0.000000, 2.797038, 0.000000, 1.000000;;
                          }
                        } // End of Armature_Bone_052
                        Frame Armature_Bone_053 {
                          FrameTransformMatrix {
                            -0.666626, 0.047784, 0.743859, 0.000000,
                            -0.690383, 0.336674,-0.640330, 0.000000,
                            -0.281035,-0.940408,-0.191447, 0.000000,
                            -0.000000, 2.797038, 0.000000, 1.000000;;
                          }
                        } // End of Armature_Bone_053
                      } // End of Armature_Bone_020
                    } // End of Armature_Bone_018
                  } // End of Armature_Bone_016
                  Frame Armature_Bone_017 {
                    FrameTransformMatrix {
                       0.265899, 0.443288, 0.856033, 0.000000,
                      -0.790048, 0.609038,-0.069981, 0.000000,
                      -0.552379,-0.657699, 0.512162, 0.000000,
                       0.000000, 1.845313, 0.000000, 1.000000;;
                    }
                    Frame Armature_Bone_019 {
                      FrameTransformMatrix {
                         0.134459,-0.769048,-0.624888, 0.000000,
                         0.462693, 0.606374,-0.646704, 0.000000,
                         0.876263,-0.202176, 0.437365, 0.000000,
                        -0.000000, 0.842336, 0.000000, 1.000000;;
                      }
                      Frame Armature_Bone_021 {
                        FrameTransformMatrix {
                           0.989216, 0.023377,-0.144586, 0.000000,
                          -0.028919, 0.998921,-0.036345, 0.000000,
                           0.143580, 0.040134, 0.988824, 0.000000,
                          -0.000000, 3.274335,-0.000000, 1.000000;;
                        }
                        Frame Armature_Bone_023 {
                          FrameTransformMatrix {
                             0.988689, 0.106466, 0.105634, 0.000000,
                             0.088175, 0.157117,-0.983636, 0.000000,
                            -0.121321, 0.981824, 0.145952, 0.000000,
                            -0.000000, 2.793831, 0.000000, 1.000000;;
                          }
                        } // End of Armature_Bone_023
                      } // End of Armature_Bone_021
                    } // End of Armature_Bone_019
                  } // End of Armature_Bone_017
                } // End of Armature_Bone_015
              } // End of Armature_Bone_014
            } // End of Armature_Bone_013
          } // End of Armature_Bone_010
        } // End of Armature_Bone_009
      } // End of Armature_Bone_002
      Frame Armature_Bone_003 {
        FrameTransformMatrix {
           0.963551, 0.009841,-0.267344, 0.000000,
          -0.140323, 0.869410,-0.473746, 0.000000,
           0.227770, 0.493993, 0.839102, 0.000000,
          -0.000000, 0.842971,-0.000000, 1.000000;;
        }
      } // End of Armature_Bone_003
      Frame Armature_Bone_006 {
        FrameTransformMatrix {
          -0.477568, 0.853314,-0.209245, 0.000000,
           0.790380, 0.313247,-0.526475, 0.000000,
          -0.383703,-0.416810,-0.824039, 0.000000,
          -0.000000, 0.842971,-0.000000, 1.000000;;
        }
      } // End of Armature_Bone_006
      Frame Armature_Bone_007 {
        FrameTransformMatrix {
          -0.231116,-0.447865, 0.863715, 0.000000,
          -0.952004, 0.287213,-0.105811, 0.000000,
          -0.200681,-0.846715,-0.492749, 0.000000,
          -0.000000, 0.842971,-0.000000, 1.000000;;
        }
      } // End of Armature_Bone_007
    } // End of Armature_Bone_001
    Frame Armature_Bone_054 {
      FrameTransformMatrix {
         0.000000,-1.000000, 0.000000, 0.000000,
         1.000000, 0.000000, 0.000000, 0.000000,
         0.000000, 0.000000, 1.000000, 0.000000,
         0.000000, 0.000000, 0.000000, 1.000000;;
      }
    } // End of Armature_Bone_054
    Frame Armature_Bone_055 {
      FrameTransformMatrix {
         1.000000, 0.000000, 0.000000, 0.000000,
         0.000000, 1.000000, 0.000000, 0.000000,
         0.000000, 0.000000, 1.000000, 0.000000,
         0.000000, 0.000000, 0.000000, 1.000000;;
      }
    } // End of Armature_Bone_055
    Frame Armature_Bone_056 {
      FrameTransformMatrix {
         0.000000, 1.000000, 0.000000, 0.000000,
        -1.000000, 0.000000, 0.000000, 0.000000,
         0.000000, 0.000000, 1.000000, 0.000000,
         0.000000, 0.000000, 0.000000, 1.000000;;
      }
    } // End of Armature_Bone_056
    Frame Armature_Bone_057 {
      FrameTransformMatrix {
         0.701573, 0.712598, 0.000000, 0.000000,
        -0.712598, 0.701573, 0.000000, 0.000000,
         0.000000, 0.000000, 1.000000, 0.000000,
         0.000000, 0.000000, 0.000000, 1.000000;;
      }
    } // End of Armature_Bone_057
    Frame Armature_Bone_058 {
      FrameTransformMatrix {
         0.700474,-0.713678, 0.000000, 0.000000,
         0.713678, 0.700474, 0.000000, 0.000000,
         0.000000, 0.000000, 1.000000, 0.000000,
         0.000000, 0.000000, 0.000000, 1.000000;;
      }
    } // End of Armature_Bone_058
    Frame Cube_004 {
      FrameTransformMatrix {
         1.000000, 0.000000, 0.000000, 0.000000,
         0.000000, 0.300000, 0.000000, 0.000000,
         0.000000, 0.000000, 1.000000, 0.000000,
        -0.007163, 0.291242,-6.065057, 1.000000;;
      }
      Mesh { // Cube_004 mesh
        1344;
         0.986216;-1.051254;-4.605818;,
         0.986216;-0.917920;-4.605818;,
         0.986216;-0.917920;-5.205818;,
         0.986216;-1.051254;-5.205818;,
         0.986216;-0.917920;-4.605818;,
         1.026216;-0.917920;-4.605818;,
         1.026216;-0.917920;-5.205818;,
         0.986216;-0.917920;-5.205818;,
         1.026216;-0.917920;-4.605818;,
         1.026216;-1.051254;-4.605818;,
         1.026216;-1.051254;-5.205818;,
         1.026216;-0.917920;-5.205818;,
         1.026216;-1.051254;-4.605818;,
         0.986216;-1.051254;-4.605818;,
         0.986216;-1.051254;-5.205818;,
         1.026216;-1.051254;-5.205818;,
         0.986216;-1.051254;-5.205818;,
         0.986216;-0.917920;-5.205818;,
         1.026216;-0.917920;-5.205818;,
         1.026216;-1.051254;-5.205818;,
         1.026216;-1.051254;-4.605818;,
         1.026216;-0.917920;-4.605818;,
         0.986216;-0.917920;-4.605818;,
         0.986216;-1.051254;-4.605818;,
        -1.044387;-0.974323;-4.546527;,
        -1.044387;-0.840990;-4.546527;,
        -1.044387;-0.840990;-5.146527;,
        -1.044387;-0.974323;-5.146527;,
        -1.044387;-0.840990;-4.546527;,
        -1.004387;-0.840990;-4.546527;,
        -1.004387;-0.840990;-5.146527;,
        -1.044387;-0.840990;-5.146527;,
        -1.004387;-0.840990;-4.546527;,
        -1.004387;-0.974323;-4.546527;,
        -1.004387;-0.974323;-5.146527;,
        -1.004387;-0.840990;-5.146527;,
        -1.004387;-0.974323;-4.546527;,
        -1.044387;-0.974323;-4.546527;,
        -1.044387;-0.974323;-5.146527;,
        -1.004387;-0.974323;-5.146527;,
        -1.044387;-0.974323;-5.146527;,
        -1.044387;-0.840990;-5.146527;,
        -1.004387;-0.840990;-5.146527;,
        -1.004387;-0.974323;-5.146527;,
        -1.004387;-0.974323;-4.546527;,
        -1.004387;-0.840990;-4.546527;,
        -1.044387;-0.840990;-4.546527;,
        -1.044387;-0.974323;-4.546527;,
         1.259100;-1.098373;-4.093678;,
         1.259100;-0.765040;-4.093678;,
         0.959100;-0.765040;-4.613293;,
         0.959100;-1.098373;-4.613293;,
         1.259100;-0.765040;-4.093678;,
         1.345702;-0.765040;-4.143678;,
         1.045702;-0.765040;-4.663293;,
         0.959100;-0.765040;-4.613293;,
         1.345702;-0.765040;-4.143678;,
         1.345702;-1.098373;-4.143678;,
         1.045702;-1.098373;-4.663293;,
         1.045702;-0.765040;-4.663293;,
         1.345702;-1.098373;-4.143678;,
         1.259100;-1.098373;-4.093678;,
         0.959100;-1.098373;-4.613293;,
         1.045702;-1.098373;-4.663293;,
         0.959100;-1.098373;-4.613293;,
         0.959100;-0.765040;-4.613293;,
         1.045702;-0.765040;-4.663293;,
         1.045702;-1.098373;-4.663293;,
         1.345702;-1.098373;-4.143678;,
         1.345702;-0.765040;-4.143678;,
         1.259100;-0.765040;-4.093678;,
         1.259100;-1.098373;-4.093678;,
        -1.363823;-1.013144;-4.113177;,
        -1.363823;-0.679811;-4.113177;,
        -1.063823;-0.679811;-4.632792;,
        -1.063823;-1.013144;-4.632792;,
        -1.363823;-0.679811;-4.113177;,
        -1.277220;-0.679811;-4.063177;,
        -0.977220;-0.679811;-4.582792;,
        -1.063823;-0.679811;-4.632792;,
        -1.277220;-0.679811;-4.063177;,
        -1.277220;-1.013144;-4.063177;,
        -0.977220;-1.013144;-4.582792;,
        -0.977220;-0.679811;-4.582792;,
        -1.277220;-1.013144;-4.063177;,
        -1.363823;-1.013144;-4.113177;,
        -1.063823;-1.013144;-4.632792;,
        -0.977220;-1.013144;-4.582792;,
        -1.063823;-1.013144;-4.632792;,
        -1.063823;-0.679811;-4.632792;,
        -0.977220;-0.679811;-4.582792;,
        -0.977220;-1.013144;-4.582792;,
        -1.277220;-1.013144;-4.063177;,
        -1.277220;-0.679811;-4.063177;,
        -1.363823;-0.679811;-4.113177;,
        -1.363823;-1.013144;-4.113177;,
        -1.435938;-1.120523;-4.224055;,
        -1.435938;-0.787190;-4.224055;,
        -1.435938;-0.787190;-5.024055;,
        -1.435938;-1.120523;-5.024055;,
        -1.435938;-0.787190;-4.224055;,
        -1.335938;-0.787190;-4.224055;,
        -1.335938;-0.787190;-5.024055;,
        -1.435938;-0.787190;-5.024055;,
        -1.335938;-0.787190;-4.224055;,
        -1.335938;-1.120523;-4.224055;,
        -1.335938;-1.120523;-5.024055;,
        -1.335938;-0.787190;-5.024055;,
        -1.335938;-1.120523;-4.224055;,
        -1.435938;-1.120523;-4.224055;,
        -1.435938;-1.120523;-5.024055;,
        -1.335938;-1.120523;-5.024055;,
        -1.435938;-1.120523;-5.024055;,
        -1.435938;-0.787190;-5.024055;,
        -1.335938;-0.787190;-5.024055;,
        -1.335938;-1.120523;-5.024055;,
        -1.335938;-1.120523;-4.224055;,
        -1.335938;-0.787190;-4.224055;,
        -1.435938;-0.787190;-4.224055;,
        -1.435938;-1.120523;-4.224055;,
        -1.420960;-1.124020;-4.859950;,
        -1.420960;-0.924020;-4.859950;,
        -1.420960;-0.924020;-5.659950;,
        -1.420960;-1.124020;-5.659950;,
        -1.420960;-0.924020;-4.859950;,
        -1.360960;-0.924020;-4.859950;,
        -1.360960;-0.924020;-5.659950;,
        -1.420960;-0.924020;-5.659950;,
        -1.360960;-0.924020;-4.859950;,
        -1.360960;-1.124020;-4.859950;,
        -1.360960;-1.124020;-5.659950;,
        -1.360960;-0.924020;-5.659950;,
        -1.360960;-1.124020;-4.859950;,
        -1.420960;-1.124020;-4.859950;,
        -1.420960;-1.124020;-5.659950;,
        -1.360960;-1.124020;-5.659950;,
        -1.420960;-1.124020;-5.659950;,
        -1.420960;-0.924020;-5.659950;,
        -1.360960;-0.924020;-5.659950;,
        -1.360960;-1.124020;-5.659950;,
        -1.360960;-1.124020;-4.859950;,
        -1.360960;-0.924020;-4.859950;,
        -1.420960;-0.924020;-4.859950;,
        -1.420960;-1.124020;-4.859950;,
        -1.650261;-1.157475;-4.211216;,
        -1.650261;-0.824141;-4.211216;,
        -1.650261;-0.824141;-5.011216;,
        -1.650261;-1.157475;-5.011216;,
        -1.650261;-0.824141;-4.211216;,
        -1.550261;-0.824141;-4.211216;,
        -1.550261;-0.824141;-5.011216;,
        -1.650261;-0.824141;-5.011216;,
        -1.550261;-0.824141;-4.211216;,
        -1.550261;-1.157475;-4.211216;,
        -1.550261;-1.157475;-5.011216;,
        -1.550261;-0.824141;-5.011216;,
        -1.550261;-1.157475;-4.211216;,
        -1.650261;-1.157475;-4.211216;,
        -1.650261;-1.157475;-5.011216;,
        -1.550261;-1.157475;-5.011216;,
        -1.650261;-1.157475;-5.011216;,
        -1.650261;-0.824141;-5.011216;,
        -1.550261;-0.824141;-5.011216;,
        -1.550261;-1.157475;-5.011216;,
        -1.550261;-1.157475;-4.211216;,
        -1.550261;-0.824141;-4.211216;,
        -1.650261;-0.824141;-4.211216;,
        -1.650261;-1.157475;-4.211216;,
        -1.635282;-1.160971;-4.847111;,
        -1.635282;-0.960971;-4.847111;,
        -1.635282;-0.960971;-5.647111;,
        -1.635282;-1.160971;-5.647111;,
        -1.635282;-0.960971;-4.847111;,
        -1.575282;-0.960971;-4.847111;,
        -1.575282;-0.960971;-5.647111;,
        -1.635282;-0.960971;-5.647111;,
        -1.575282;-0.960971;-4.847111;,
        -1.575282;-1.160971;-4.847111;,
        -1.575282;-1.160971;-5.647111;,
        -1.575282;-0.960971;-5.647111;,
        -1.575282;-1.160971;-4.847111;,
        -1.635282;-1.160971;-4.847111;,
        -1.635282;-1.160971;-5.647111;,
        -1.575282;-1.160971;-5.647111;,
        -1.635282;-1.160971;-5.647111;,
        -1.635282;-0.960971;-5.647111;,
        -1.575282;-0.960971;-5.647111;,
        -1.575282;-1.160971;-5.647111;,
        -1.575282;-1.160971;-4.847111;,
        -1.575282;-0.960971;-4.847111;,
        -1.635282;-0.960971;-4.847111;,
        -1.635282;-1.160971;-4.847111;,
        -1.837469;-1.163790;-4.221643;,
        -1.837469;-0.830456;-4.221643;,
        -1.837469;-0.830456;-5.021643;,
        -1.837469;-1.163790;-5.021643;,
        -1.837469;-0.830456;-4.221643;,
        -1.737469;-0.830456;-4.221643;,
        -1.737469;-0.830456;-5.021643;,
        -1.837469;-0.830456;-5.021643;,
        -1.737469;-0.830456;-4.221643;,
        -1.737469;-1.163790;-4.221643;,
        -1.737469;-1.163790;-5.021643;,
        -1.737469;-0.830456;-5.021643;,
        -1.737469;-1.163790;-4.221643;,
        -1.837469;-1.163790;-4.221643;,
        -1.837469;-1.163790;-5.021643;,
        -1.737469;-1.163790;-5.021643;,
        -1.837469;-1.163790;-5.021643;,
        -1.837469;-0.830456;-5.021643;,
        -1.737469;-0.830456;-5.021643;,
        -1.737469;-1.163790;-5.021643;,
        -1.737469;-1.163790;-4.221643;,
        -1.737469;-0.830456;-4.221643;,
        -1.837469;-0.830456;-4.221643;,
        -1.837469;-1.163790;-4.221643;,
        -1.822491;-1.167286;-4.857538;,
        -1.822491;-0.967286;-4.857538;,
        -1.822491;-0.967286;-5.657538;,
        -1.822491;-1.167286;-5.657538;,
        -1.822491;-0.967286;-4.857538;,
        -1.762491;-0.967286;-4.857538;,
        -1.762491;-0.967286;-5.657538;,
        -1.822491;-0.967286;-5.657538;,
        -1.762491;-0.967286;-4.857538;,
        -1.762491;-1.167286;-4.857538;,
        -1.762491;-1.167286;-5.657538;,
        -1.762491;-0.967286;-5.657538;,
        -1.762491;-1.167286;-4.857538;,
        -1.822491;-1.167286;-4.857538;,
        -1.822491;-1.167286;-5.657538;,
        -1.762491;-1.167286;-5.657538;,
        -1.822491;-1.167286;-5.657538;,
        -1.822491;-0.967286;-5.657538;,
        -1.762491;-0.967286;-5.657538;,
        -1.762491;-1.167286;-5.657538;,
        -1.762491;-1.167286;-4.857538;,
        -1.762491;-0.967286;-4.857538;,
        -1.822491;-0.967286;-4.857538;,
        -1.822491;-1.167286;-4.857538;,
         1.674150;-0.956587;-4.224266;,
         1.674150;-0.623254;-4.224266;,
         1.674150;-0.623254;-5.024266;,
         1.674150;-0.956587;-5.024266;,
         1.674150;-0.623254;-4.224266;,
         1.774150;-0.623254;-4.224266;,
         1.774150;-0.623254;-5.024266;,
         1.674150;-0.623254;-5.024266;,
         1.774150;-0.623254;-4.224266;,
         1.774150;-0.956587;-4.224266;,
         1.774150;-0.956587;-5.024266;,
         1.774150;-0.623254;-5.024266;,
         1.774150;-0.956587;-4.224266;,
         1.674150;-0.956587;-4.224266;,
         1.674150;-0.956587;-5.024266;,
         1.774150;-0.956587;-5.024266;,
         1.674150;-0.956587;-5.024266;,
         1.674150;-0.623254;-5.024266;,
         1.774150;-0.623254;-5.024266;,
         1.774150;-0.956587;-5.024266;,
         1.774150;-0.956587;-4.224266;,
         1.774150;-0.623254;-4.224266;,
         1.674150;-0.623254;-4.224266;,
         1.674150;-0.956587;-4.224266;,
         1.689129;-0.960084;-4.860161;,
         1.689129;-0.760084;-4.860161;,
         1.689129;-0.760084;-5.660161;,
         1.689129;-0.960084;-5.660161;,
         1.689129;-0.760084;-4.860161;,
         1.749129;-0.760084;-4.860161;,
         1.749129;-0.760084;-5.660161;,
         1.689129;-0.760084;-5.660161;,
         1.749129;-0.760084;-4.860161;,
         1.749129;-0.960084;-4.860161;,
         1.749129;-0.960084;-5.660161;,
         1.749129;-0.760084;-5.660161;,
         1.749129;-0.960084;-4.860161;,
         1.689129;-0.960084;-4.860161;,
         1.689129;-0.960084;-5.660161;,
         1.749129;-0.960084;-5.660161;,
         1.689129;-0.960084;-5.660161;,
         1.689129;-0.760084;-5.660161;,
         1.749129;-0.760084;-5.660161;,
         1.749129;-0.960084;-5.660161;,
         1.749129;-0.960084;-4.860161;,
         1.749129;-0.760084;-4.860161;,
         1.689129;-0.760084;-4.860161;,
         1.689129;-0.960084;-4.860161;,
         1.487672;-0.924613;-4.215321;,
         1.487672;-0.591279;-4.215321;,
         1.487672;-0.591279;-5.015321;,
         1.487672;-0.924613;-5.015321;,
         1.487672;-0.591279;-4.215321;,
         1.587672;-0.591279;-4.215321;,
         1.587672;-0.591279;-5.015321;,
         1.487672;-0.591279;-5.015321;,
         1.587672;-0.591279;-4.215321;,
         1.587672;-0.924613;-4.215321;,
         1.587672;-0.924613;-5.015321;,
         1.587672;-0.591279;-5.015321;,
         1.587672;-0.924613;-4.215321;,
         1.487672;-0.924613;-4.215321;,
         1.487672;-0.924613;-5.015321;,
         1.587672;-0.924613;-5.015321;,
         1.487672;-0.924613;-5.015321;,
         1.487672;-0.591279;-5.015321;,
         1.587672;-0.591279;-5.015321;,
         1.587672;-0.924613;-5.015321;,
         1.587672;-0.924613;-4.215321;,
         1.587672;-0.591279;-4.215321;,
         1.487672;-0.591279;-4.215321;,
         1.487672;-0.924613;-4.215321;,
         1.502651;-0.928109;-4.851216;,
         1.502651;-0.728109;-4.851216;,
         1.502651;-0.728109;-5.651216;,
         1.502651;-0.928109;-5.651216;,
         1.502651;-0.728109;-4.851216;,
         1.562651;-0.728109;-4.851216;,
         1.562651;-0.728109;-5.651216;,
         1.502651;-0.728109;-5.651216;,
         1.562651;-0.728109;-4.851216;,
         1.562651;-0.928109;-4.851216;,
         1.562651;-0.928109;-5.651216;,
         1.562651;-0.728109;-5.651216;,
         1.562651;-0.928109;-4.851216;,
         1.502651;-0.928109;-4.851216;,
         1.502651;-0.928109;-5.651216;,
         1.562651;-0.928109;-5.651216;,
         1.502651;-0.928109;-5.651216;,
         1.502651;-0.728109;-5.651216;,
         1.562651;-0.728109;-5.651216;,
         1.562651;-0.928109;-5.651216;,
         1.562651;-0.928109;-4.851216;,
         1.562651;-0.728109;-4.851216;,
         1.502651;-0.728109;-4.851216;,
         1.502651;-0.928109;-4.851216;,
         1.301194;-0.928836;-4.206376;,
         1.301194;-0.595503;-4.206376;,
         1.301194;-0.595503;-5.006376;,
         1.301194;-0.928836;-5.006376;,
         1.301194;-0.595503;-4.206376;,
         1.401194;-0.595503;-4.206376;,
         1.401194;-0.595503;-5.006376;,
         1.301194;-0.595503;-5.006376;,
         1.401194;-0.595503;-4.206376;,
         1.401194;-0.928836;-4.206376;,
         1.401194;-0.928836;-5.006376;,
         1.401194;-0.595503;-5.006376;,
         1.401194;-0.928836;-4.206376;,
         1.301194;-0.928836;-4.206376;,
         1.301194;-0.928836;-5.006376;,
         1.401194;-0.928836;-5.006376;,
         1.301194;-0.928836;-5.006376;,
         1.301194;-0.595503;-5.006376;,
         1.401194;-0.595503;-5.006376;,
         1.401194;-0.928836;-5.006376;,
         1.401194;-0.928836;-4.206376;,
         1.401194;-0.595503;-4.206376;,
         1.301194;-0.595503;-4.206376;,
         1.301194;-0.928836;-4.206376;,
         1.316172;-0.932333;-4.842271;,
         1.316172;-0.732333;-4.842271;,
         1.316172;-0.732333;-5.642271;,
         1.316172;-0.932333;-5.642271;,
         1.316172;-0.732333;-4.842271;,
         1.376172;-0.732333;-4.842271;,
         1.376172;-0.732333;-5.642271;,
         1.316172;-0.732333;-5.642271;,
         1.376172;-0.732333;-4.842271;,
         1.376172;-0.932333;-4.842271;,
         1.376172;-0.932333;-5.642271;,
         1.376172;-0.732333;-5.642271;,
         1.376172;-0.932333;-4.842271;,
         1.316172;-0.932333;-4.842271;,
         1.316172;-0.932333;-5.642271;,
         1.376172;-0.932333;-5.642271;,
         1.316172;-0.932333;-5.642271;,
         1.316172;-0.732333;-5.642271;,
         1.376172;-0.732333;-5.642271;,
         1.376172;-0.932333;-5.642271;,
         1.376172;-0.932333;-4.842271;,
         1.376172;-0.732333;-4.842271;,
         1.316172;-0.732333;-4.842271;,
         1.316172;-0.932333;-4.842271;,
        -1.877262;-1.229883;-3.529298;,
        -1.877262;-0.563216;-3.529298;,
        -1.877262;-0.563216;-4.329298;,
        -1.877262;-1.229883;-4.329298;,
        -1.877262;-0.563216;-3.529298;,
        -1.277262;-0.563216;-3.529298;,
        -1.277262;-0.563216;-4.329298;,
        -1.877262;-0.563216;-4.329298;,
        -1.277262;-0.563216;-3.529298;,
        -1.277262;-1.229883;-3.529298;,
        -1.277262;-1.229883;-4.329298;,
        -1.277262;-0.563216;-4.329298;,
